# ALGORITMO (1+1)-EE

## n = 2

MEJOR SOLUCION
Xs: (-1.142502665578857,)
fx: 2.4200543113066932
MEDIANA: Xs&fx
Xs&fx: [-0.3362261291596411] & 19.89657893084126

## n = 5

MEJOR SOLUCION
Xs: (2.251628513294725, -0.8552266373665476, 10.509473886693849, -10.336022599432713)
fx: 14.06043338102895
MEDIANA: Xs&fx
Xs&fx: [0.12741528041417274, -0.34705642397619574, 0.15826665944670285, -0.42751948945306395] & 20.761250621021976

## n = 7

MEJOR SOLUCION
Xs: (-0.3942074350828388, 5.977341767189939, 0.8045857815256243, 6.301963576604272, 4.250286311734453, -1.6181860251572715)
fx: 13.893407370011952
MEDIANA: Xs&fx
Xs&fx: [0.3825494665775337, -0.12847038195474642, 0.11402759456928693, -0.2310110649755229, -0.07415102120264548, -0.32259527614265887] & 20.878749797387382

## n = 10

MEJOR SOLUCION
Xs: (-2.044246570159379, 17.88231351065758, -6.052851320747088, -1.1693274828589078, -0.9154921722675008, 7.962487770169621, -2.9105446028522426, -6.105693861656952, 1.1571605460194185)
fx: 17.547398709030844
MEDIANA: Xs&fx
Xs&fx: [0.010372363820764036, -0.02250920550874845, -0.18706328010297152, 0.4985264746541095, 0.08681879516998701, -0.27355355064089315, 0.08632618368508485, -0.36110568281307387, 0.031095853796096355] & 20.946555311456187

# ALGORITMO (mu, lambda)-EE
---
Para este algoritmo tuve que reducir las ejecución de 5000 a 100 debido a que
para n = 2 después de 15 minutos aún no terminaba. La he bajado a 10 ejecuciones ya
que para n = 2 después de seis minutos no terminaba y no queria perder mucho tiempo
entre un caso y otro 

## n = 2

MEJOR SOLUCION
Xs: (-2.850511722755683e-06,)
fx: 0.00015762266398811065
MEDIANA: Xs&fx
Xs&fx: [-7.00993642101619e-05] & 0.0017123825916592673

## n = 5

MEJOR SOLUCION
Xs: (-0.0007418717877417545, -0.0010435098095047547, -0.0017318702315364293, -0.0008017086674698879)
fx: 0.005946192550876805
MEDIANA: Xs&fx
Xs&fx: [-0.0011901986994583165, 0.0004330298117639753, -0.0011428405068369804, -0.0002689190084993846] & 0.009109659856281826


## n = 7

MEJOR SOLUCION
Xs: (0.00013798782180813644, -0.002419827427409884, 0.0014021533860532648, 0.001052838240213387, 9.420560686191522e-05, -0.0004660784956039138)
fx: 0.008765996129266984
MEDIANA: Xs&fx
Xs&fx: [0.00033167664554998466, 0.0007614059208538299, 0.00020789993593843268, 0.0002276489383165554, -0.0011807471092961327, -0.0007901537648412232] & 0.012093297799161195


## n = 10

MEJOR SOLUCION
Xs: (-0.007856224531891857, -0.004900643004742735, 0.0023537358139212325, -0.0008414020724393399, 0.002150847399051097, 0.0046581898315798944, -0.0012226454308359954, 0.001062616874116001, 0.002619402286077113)
fx: 0.014992679304719037
MEDIANA: Xs&fx
Xs&fx: [-0.0016897703135800156, -0.0015113848830057494, -0.001775757451882999, 0.0014822654723971043, 0.002669917249006662, 0.001753149609581519, 0.00021638853540399913, -0.0006085943719727511, 0.0001282185673733577] & 0.018763338761734704

# ALGORITMO (mu, lambda)-EE con modificaciones implementadas
---
En este caso he usado 100 ejecuciones, dado que el tiempo mejoro un poco. 
Con 5000 se detuvo a los 16 minutos más o menos a diferencia del anterior. 
No es mucha mejora evidentemente. 

## n = 2

MEJOR SOLUCION
Xs: (-0.000207548674756605,)
fx: 0.0007028745808530523
MEDIANA: Xs&fx
Xs&fx: [-0.19975958885452802] & 1.5898436637876647

## n = 5

MEJOR SOLUCION
Xs: (-0.0009790976897849375, -0.0014898144287687383, 0.0004773494041373778, 0.001506930863386827)
fx: 0.005249789878320588
MEDIANA: Xs&fx
Xs&fx: [0.2998739155678475, -3.39894248470828, 4.6986586905324375, 0.5985083868005623] & 5.572852708420219

## n = 7

MEJOR SOLUCION
Xs: (-0.004379147750717403, 0.0019322258693806448, -0.004068392658695756, 0.000688083632791084, 0.0002639492455335274, -0.0017949343249720532)
fx: 0.01076345269676482
MEDIANA: Xs&fx
Xs&fx: [-0.299228788074312, -3.1961626549137905, 3.5974338935273225, -3.09804691923341, -2.399372987480376, 4.296222646805348] & 6.293547777969152

## n = 10

MEJOR SOLUCION
Xs: (0.004420046587569724, 0.00035445490769713895, 0.004402534446553326, 0.00014611252983356754, 0.000172854842535602, 0.009088904085331414, -0.0018491751790590946, -0.002416399144102829, 0.006050284694682531)
fx: 0.017466030363323615
MEDIANA: Xs&fx
Xs&fx: [-1.6994488066475821, -1.6984491923289482, -0.398483036213164, 1.4979317807581385, -0.1997073087455182, -0.29671741469677926, 1.3980132590082726, 1.796938309170787, -1.399356606663876] & 3.525860155614563

